StimulationType RulerPosition Distance Answer
0 0,35 0 0
OT 0,33 0,01999998 13
OT 0,15 0,2 30
OT 0,21 0,14 25
OT 0,12 0,23 34
OT 0,18 0,17 25
OT 0,21 0,14 21
OT 0,12 0,23 31
OT 0,24 0,11 18
OT 0,3 0,04999998 13
OT 0,15 0,2 26
SQ 0,18 0,17 29
SQ 0,33 0,01999998 15
SQ 0,3 0,04999998 18
SQ 0,21 0,14 26
SQ 0,15 0,2 31
SQ 0,21 0,14 24
SQ 0,27 0,07999998 17
SQ 0,3 0,04999998 15
SQ 0,15 0,2 30
SQ 0,18 0,17 27
OV 0,15 0,2 28
OV 0,33 0,01999998 11
OV 0,18 0,17 25
OV 0,27 0,07999998 17
OV 0,3 0,04999998 14
OV 0,27 0,07999998 15
OV 0,15 0,2 27
OV 0,33 0,01999998 10
OV 0,21 0,14 19
OV 0,18 0,17 24
DQ 0,21 0,14 21
DQ 0,24 0,11 19
DQ 0,3 0,04999998 13
DQ 0,18 0,17 24
DQ 0,12 0,23 31
DQ 0,18 0,17 25
DQ 0,21 0,14 23
DQ 0,12 0,23 30
DQ 0,24 0,11 18
DQ 0,27 0,07999998 15
