StimulationType RulerPosition Distance Answer
0 0,35 0
OV 0,12 0,23 31
OV 0,33 0,01999998 10
OV 0,18 0,17 26
OV 0,21 0,14 24
OV 0,27 0,07999998 18
OV 0,33 0,01999998 12
OV 0,12 0,23 33
OV 0,21 0,14 22
OV 0,15 0,2 31
OV 0,3 0,04999998 14
OT 0,3 0,04999998 15
OT 0,21 0,14 25
OT 0,24 0,11 21
OT 0,15 0,2 30
OT 0,18 0,17 24
OT 0,24 0,11 20
OT 0,18 0,17 26
OT 0,15 0,2 29
OT 0,33 0,01999998 11
OT 0,27 0,07999998 18
SQ 0,18 0,17 26
SQ 0,3 0,04999998 13
SQ 0,12 0,23 33
SQ 0,21 0,14 21
SQ 0,33 0,01999998 11
SQ 0,27 0,07999998 17
SQ 0,21 0,14 24
SQ 0,33 0,01999998 11
SQ 0,15 0,2 30
SQ 0,24 0,11 21
DQ 0,27 0,07999998 18
DQ 0,12 0,23 32
DQ 0,21 0,14 22
DQ 0,33 0,01999998 11
DQ 0,24 0,11 20
DQ 0,3 0,04999998 14
DQ 0,12 0,23 32
DQ 0,33 0,01999998 11
DQ 0,27 0,07999998 18
DQ 0,21 0,14 23
