StimulationType RulerPosition Distance Answer
0 0,35 0
DQ 0,33 0,01999998 15
DQ 0,18 0,17 27
DQ 0,15 0,2 32
DQ 0,24 0,11 22
DQ 0,12 0,23 35
DQ 0,33 0,01999998 10
DQ 0,3 0,04999998 16
DQ 0,15 0,2 32
DQ 0,21 0,14 27
DQ 0,27 0,07999998 18
OV 0,18 0,17 27
OV 0,3 0,04999998 15
OV 0,24 0,11 20
OV 0,15 0,2 31
OV 0,12 0,23 35
OV 0,12 0,23 33
OV 0,18 0,17 24
OV 0,33 0,01999998 12
OV 0,27 0,07999998 18
OV 0,21 0,14 23
OT 0,3 0,04999998 15
OT 0,33 0,01999998 14
OT 0,27 0,07999998 21
OT 0,24 0,11 24
OT 0,18 0,17 30
OT 0,15 0,2 29
OT 0,12 0,23 32
OT 0,21 0,14 23
OT 0,27 0,07999998 17
OT 0,33 0,01999998 14
SQ 0,21 0,14 25
SQ 0,18 0,17 29
SQ 0,27 0,07999998 18
SQ 0,33 0,01999998 13
SQ 0,12 0,23 37
SQ 0,24 0,11 21
SQ 0,27 0,07999998 19
SQ 0,21 0,14 27
SQ 0,18 0,17 30
SQ 0,33 0,01999998 14
