StimulationType RulerPosition Distance Answer
0 0,35 0
SQ 0,3 0,04999998 18
SQ 0,21 0,14 29
SQ 0,18 0,17 29
SQ 0,33 0,01999998 13
SQ 0,24 0,11 24
SQ 0,15 0,2 31
SQ 0,21 0,14 24
SQ 0,3 0,04999998 13
SQ 0,24 0,11 18
SQ 0,12 0,23 35
OV 0,15 0,2 37
OV 0,33 0,01999998 16
OV 0,12 0,23 37
OV 0,27 0,07999998 23
OV 0,18 0,17 30
OV 0,12 0,23 35
OV 0,18 0,17 29
OV 0,15 0,2 33
OV 0,24 0,11 24
OV 0,21 0,14 26
DQ 0,12 0,23 39
DQ 0,27 0,07999998 22
DQ 0,24 0,11 24
DQ 0,33 0,01999998 16
DQ 0,18 0,17 32
DQ 0,3 0,04999998 17
DQ 0,27 0,07999998 22
DQ 0,18 0,17 32
DQ 0,33 0,01999998 15
DQ 0,21 0,14 28
OT 0,27 0,07999998 27
OT 0,24 0,11 29
OT 0,33 0,01999998 19
OT 0,18 0,17 34
OT 0,3 0,04999998 21
OT 0,12 0,23 39
OT 0,33 0,01999998 17
OT 0,18 0,17 31
OT 0,3 0,04999998 20
OT 0,21 0,14 29
